
0 LANDSAT 1 (ERTS 1)
1  6126U 72058A   22053.81140920  .00000000  00000-0  32847-4 0  9992
2  6126  99.3115  33.2021 0007297 219.0755 140.9880 13.97581352528100

0 LANDSAT 2
1 07615U 75004A   22053.52084745  .00000169  00000-0  15220-3 0  9991
2 07615  98.8145  34.0883 0008286 337.9835  22.0971 13.96707158399159

0 LANDSAT 3
1 10702U 78026A   22053.53963961 -.00000051  00000-0 -63124-5 0  9996
2 10702  98.8403  29.3133 0014940 157.7568 309.4204 13.96713120241509

0 LANDSAT 4
1 13367U 82072A   22053.56159104  .00003314  00000-0  16318-3 0  9995
2 13367  98.2347  25.8628 0013788 124.3374  11.0213 15.18718743569785

0 LANDSAT 5
1 14780U 84021A   22053.51020543  .00000594  00000-0  59950-4 0  9997
2 14780  98.2069 246.4936 0088165 305.5532  53.7490 14.92602507555505

0 LANDSAT 7
1 25682U 99020A   22053.58929806  .00000031  00000-0  16407-4 0  9998
2 25682  97.9963 106.1112 0001877  90.5533 269.5894 14.57212361215821

0 LANDSAT 8
1 39084U 13008A   22053.81501125  .00000154  00000-0  44184-4 0  9996
2 39084  98.1956 125.7873 0001410  96.9685 263.1673 14.57112407480301

0 ISS (ZARYA)
1 25544U 98067A   22053.88147859  .00006978  00000-0  13056-3 0  9990
2 25544  51.6413 182.6542 0005405 155.4563 353.8725 15.49902234327456

0 SENTINEL 1A
1 39634U 14016A   22053.80188840 -.00000165  00000-0 -25349-4 0  9997
2 39634  98.1816  62.9829 0001365  82.0300 278.1052 14.59197432420303

0 SENTINEL 2A
1 40697U 15028A   22053.71802897  .00000076  00000-0  45680-4 0  9996
2 40697  98.5714 130.1166 0001225  87.5511 272.5809 14.30814360348443

0 SENTINEL 3A
1 41335U 16011A   22053.81902526  .00000021  00000-0  26721-4 0  9995
2 41335  98.6223 122.7638 0001091  97.9579 262.1725 14.26741115313424

0 SENTINEL 1B
1 41456U 16025A   22053.76711819 -.00000152  00000-0 -22563-4 0  9998
2 41456  98.1817  62.7742 0001361  82.8868 277.2484 14.59197574310465

0 SENTINEL 2B
1 42063U 17013A   22053.82283920 -.00000657  00000-0 -23408-3 0  9993
2 42063  98.5674 130.1920 0001156 103.2107 256.9209 14.30809711259372

0 SENTINEL 5P
1 42969U 17064A   22053.79443464  .00000022  00000-0  31279-4 0  9991
2 42969  98.7214 355.2188 0000967  86.7529 273.3758 14.19549546226052

0 SENTINEL 3B
1 43437U 18039A   22053.44100155  .00000023  00000-0  27391-4 0  9995
2 43437  98.6285 122.3524 0000973 121.0523 239.0753 14.26735670199439